export const preloadedResults = {
  digest: "Q9FFD0",
  results: [
    {
      aligned_percentage: 0.985632183908046,
      object_id: "V4KUL2",
      rmsd: 1.29,
      rotation_matrix: [
        [0.426647081, -0.8306958628, -0.3576543747],
        [0.6321548112, -0.0089086134, 0.7747908952],
        [-0.6468017958, -0.5566552075, 0.5213275524]
      ],
      sequence_aligned_percentage: 0.8880545977011495,
      tm_score: 0.9661,
      tm_score_target: 0.958,
      translation_vector: [-0.024638318, -0.0226368405, -1.659659342]
    },
    {
      aligned_percentage: 0.9660056657223796,
      object_id: "A0A4Y7JTS8",
      rmsd: 1.44,
      rotation_matrix: [
        [0.9658298829, -0.2312925901, -0.116946035],
        [0.2590206054, 0.8457335761, 0.4665222869],
        [-0.0089979596, -0.4808725985, 0.8767443075]
      ],
      sequence_aligned_percentage: 0.6346657223796034,
      tm_score: 0.9436,
      tm_score_target: 0.9489,
      translation_vector: [0.8344714242, 0.6237377283, -0.7371404879]
    },
    {
      aligned_percentage: 0.9716713881019831,
      object_id: "A0A4Y7II77",
      rmsd: 1.59,
      rotation_matrix: [
        [0.4606086358, -0.7333996279, -0.4999646692],
        [0.4077342481, -0.3254990062, 0.8531138141],
        [-0.7884113568, -0.5968043086, 0.1491044927]
      ],
      sequence_aligned_percentage: 0.6150679886685553,
      tm_score: 0.9419,
      tm_score_target: 0.9472,
      translation_vector: [-0.0703572373, 0.1414858993, -1.3482654364]
    },
    {
      aligned_percentage: 0.9626436781609196,
      object_id: "A0A6J0KCR7",
      rmsd: 1.64,
      rotation_matrix: [
        [0.1872218835, -0.78337193, -0.5926857394],
        [0.5613011705, -0.4098405677, 0.7190074444],
        [-0.8061569092, -0.4672891272, 0.3629764582]
      ],
      sequence_aligned_percentage: 0.8817816091954024,
      tm_score: 0.94,
      tm_score_target: 0.932,
      translation_vector: [-0.2529345017, -0.2279681845, -1.723322527]
    },
    {
      aligned_percentage: 0.7578125,
      object_id: "A0A6H1ZDF4",
      rmsd: 5.3,
      rotation_matrix: [
        [-0.436130258, 0.8968728829, -0.0735488268],
        [0.8946901641, 0.4409307418, 0.0714814044],
        [0.096539672, -0.0346282086, -0.994726585]
      ],
      sequence_aligned_percentage: 0.05456249999999999,
      tm_score: 0.4002,
      tm_score_target: 0.1926,
      translation_vector: [-0.4424641493, -0.3812200841, 5.4981375511]
    },
    {
      aligned_percentage: 0.7962962962962963,
      object_id: "A0A2R6E6R9",
      rmsd: 3.97,
      rotation_matrix: [
        [-0.0217264943, 0.6175859829, 0.7862032264],
        [-0.0303298539, -0.7864340558, 0.6169291497],
        [0.9993037873, -0.0104417213, 0.0358177476]
      ],
      sequence_aligned_percentage: 0.037425925925925925,
      tm_score: 0.3816,
      tm_score_target: 0.0975,
      translation_vector: [-6.875253859, 4.9090197572, 5.3965666815]
    },
    {
      aligned_percentage: 0.6114285714285714,
      object_id: "A0A0F9HZJ0",
      rmsd: 5.17,
      rotation_matrix: [
        [0.7419652658, -0.3369468294, -0.5796157162],
        [-0.6169337973, -0.6815663929, -0.3935224795],
        [-0.2624504412, 0.6495645359, -0.7135724768]
      ],
      sequence_aligned_percentage: 0.06297714285714286,
      tm_score: 0.3538,
      tm_score_target: 0.2129,
      translation_vector: [-2.4214138072, -0.1660307182, -3.3044220545]
    },
    {
      aligned_percentage: 0.5875706214689266,
      object_id: "A0A222P7S7",
      rmsd: 5.78,
      rotation_matrix: [
        [0.7176190815, 0.1839426081, -0.6717052707],
        [-0.1743398574, -0.8863334198, -0.4289739888],
        [-0.674261424, 0.424944921, -0.6039812466]
      ],
      sequence_aligned_percentage: 0.03936723163841808,
      tm_score: 0.3125,
      tm_score_target: 0.1933,
      translation_vector: [3.6552217125, 3.3898627428, 2.0020857615]
    },
    {
      aligned_percentage: 0.504950495049505,
      object_id: "A0A1W9Q800",
      rmsd: 4.77,
      rotation_matrix: [
        [0.749413046, -0.6616728937, 0.0238551523],
        [0.4542875891, 0.5400704701, 0.7084819502],
        [-0.4816667654, -0.5201085167, 0.7053256396]
      ],
      sequence_aligned_percentage: 0.034841584158415845,
      tm_score: 0.3124,
      tm_score_target: 0.2079,
      translation_vector: [6.3307588035, -7.6592065438, 5.0316279101]
    },
    {
      aligned_percentage: 0.7058823529411765,
      object_id: "A0A7W1R8Y4",
      rmsd: 4.71,
      rotation_matrix: [
        [0.3204171479, -0.8245286472, 0.466353258],
        [0.2113843049, -0.4176596963, -0.883672481],
        [0.9233902355, 0.3817235753, 0.0404670863]
      ],
      sequence_aligned_percentage: 0.07341176470588236,
      tm_score: 0.2838,
      tm_score_target: 0.099,
      translation_vector: [4.2345018801, -2.2927528775, 5.2017866849]
    }
  ],
  search_time: 0
};

export const defaultQuery = 'Q9FFD0';